996330000
996330001
996330002
996330003
996330004
996330005
996330006
996330007
996330008
996330009
996330010
996330011
996330012
996330013
996330014
996330015
996330016
996330017
996330018
996330019
996330020
996330021
996330022
996330023
996330024
996330025
996330026
996330027
996330028
996330029
996330030
996330031
996330032
996330033
996330034
996330035
996330036
996330037
996330038
996330039
996330040
996330041
996330042
996330043
996330044
996330045
996330046
996330047
996330048
996330049
996330050
996330051
996330052
996330053
996330054
996330055
996330056
996330057
996330058
996330059
996330060
996330061
996330062
996330063
996330064
996330065
996330066
996330067
996330068
996330069
996330070
996330071
996330072
996330073
996330074
996330075
996330076
996330077
996330078
996330079
996330080
996330081
996330082
996330083
996330084
996330085
996330086
996330087
996330088
996330089
996330090
996330091
996330092
996330093
996330094
996330095
996330096
996330097
996330098
996330099
996330100
996330101
996330102
996330103
996330104
996330105
996330106
996330107
996330108
996330109
996330110
996330111
996330112
996330113
996330114
996330115
996330116
996330117
996330118
996330119
996330120
996330121
996330122
996330123
996330124
996330125
996330126
996330127
996330128
996330129
996330130
996330131
996330132
996330133
996330134
996330135
996330136
996330137
996330138
996330139
996330140
996330141
996330142
996330143
996330144
996330145
996330146
996330147
996330148
996330149
996330150
996330151
996330152
996330153
996330154
996330155
996330156
996330157
996330158
996330159
996330160
996330161
996330162
996330163
996330164
996330165
996330166
996330167
996330168
996330169
996330170
996330171
996330172
996330173
996330174
996330175
996330176
996330177
996330178
996330179
996330180
996330181
996330182
996330183
996330184
996330185
996330186
996330187
996330188
996330189
996330190
996330191
996330192
996330193
996330194
996330195
996330196
996330197
996330198
996330199
996330200
996330201
996330202
996330203
996330204
996330205
996330206
996330207
996330208
996330209
996330210
996330211
996330212
996330213
996330214
996330215
996330216
996330217
996330218
996330219
996330220
996330221
996330222
996330223
996330224
996330225
996330226
996330227
996330228
996330229
996330230
996330231
996330232
996330233
996330234
996330235
996330236
996330237
996330238
996330239
996330240
996330241
996330242
996330243
996330244
996330245
996330246
996330247
996330248
996330249
996330250
996330251
996330252
996330253
996330254
996330255
996330256
996330257
996330258
996330259
996330260
996330261
996330262
996330263
996330264
996330265
996330266
996330267
996330268
996330269
996330270
996330271
996330272
996330273
996330274
996330275
996330276
996330277
996330278
996330279
996330280
996330281
996330282
996330283
996330284
996330285
996330286
996330287
996330288
996330289
996330290
996330291
996330292
996330293
996330294
996330295
996330296
996330297
996330298
996330299
996330300
996330301
996330302
996330303
996330304
996330305
996330306
996330307
996330308
996330309
996330310
996330311
996330312
996330313
996330314
996330315
996330316
996330317
996330318
996330319
996330320
996330321
996330322
996330323
996330324
996330325
996330326
996330327
996330328
996330329
996330330
996330331
996330332
996330333
996330334
996330335
996330336
996330337
996330338
996330339
996330340
996330341
996330342
996330343
996330344
996330345
996330346
996330347
996330348
996330349
996330350
996330351
996330352
996330353
996330354
996330355
996330356
996330357
996330358
996330359
996330360
996330361
996330362
996330363
996330364
996330365
996330366
996330367
996330368
996330369
996330370
996330371
996330372
996330373
996330374
996330375
996330376
996330377
996330378
996330379
996330380
996330381
996330382
996330383
996330384
996330385
996330386
996330387
996330388
996330389
996330390
996330391
996330392
996330393
996330394
996330395
996330396
996330397
996330398
996330399
996330400
996330401
996330402
996330403
996330404
996330405
996330406
996330407
996330408
996330409
996330410
996330411
996330412
996330413
996330414
996330415
996330416
996330417
996330418
996330419
996330420
996330421
996330422
996330423
996330424
996330425
996330426
996330427
996330428
996330429
996330430
996330431
996330432
996330433
996330434
996330435
996330436
996330437
996330438
996330439
996330440
996330441
996330442
996330443
996330444
996330445
996330446
996330447
996330448
996330449
996330450
996330451
996330452
996330453
996330454
996330455
996330456
996330457
996330458
996330459
996330460
996330461
996330462
996330463
996330464
996330465
996330466
996330467
996330468
996330469
996330470
996330471
996330472
996330473
996330474
996330475
996330476
996330477
996330478
996330479
996330480
996330481
996330482
996330483
996330484
996330485
996330486
996330487
996330488
996330489
996330490
996330491
996330492
996330493
996330494
996330495
996330496
996330497
996330498
996330499
996330500
996330501
996330502
996330503
996330504
996330505
996330506
996330507
996330508
996330509
996330510
996330511
996330512
996330513
996330514
996330515
996330516
996330517
996330518
996330519
996330520
996330521
996330522
996330523
996330524
996330525
996330526
996330527
996330528
996330529
996330530
996330531
996330532
996330533
996330534
996330535
996330536
996330537
996330538
996330539
996330540
996330541
996330542
996330543
996330544
996330545
996330546
996330547
996330548
996330549
996330550
996330551
996330552
996330553
996330554
996330555
996330556
996330557
996330558
996330559
996330560
996330561
996330562
996330563
996330564
996330565
996330566
996330567
996330568
996330569
996330570
996330571
996330572
996330573
996330574
996330575
996330576
996330577
996330578
996330579
996330580
996330581
996330582
996330583
996330584
996330585
996330586
996330587
996330588
996330589
996330590
996330591
996330592
996330593
996330594
996330595
996330596
996330597
996330598
996330599
996330600
996330601
996330602
996330603
996330604
996330605
996330606
996330607
996330608
996330609
996330610
996330611
996330612
996330613
996330614
996330615
996330616
996330617
996330618
996330619
996330620
996330621
996330622
996330623
996330624
996330625
996330626
996330627
996330628
996330629
996330630
996330631
996330632
996330633
996330634
996330635
996330636
996330637
996330638
996330639
996330640
996330641
996330642
996330643
996330644
996330645
996330646
996330647
996330648
996330649
996330650
996330651
996330652
996330653
996330654
996330655
996330656
996330657
996330658
996330659
996330660
996330661
996330662
996330663
996330664
996330665
996330666
996330667
996330668
996330669
996330670
996330671
996330672
996330673
996330674
996330675
996330676
996330677
996330678
996330679
996330680
996330681
996330682
996330683
996330684
996330685
996330686
996330687
996330688
996330689
996330690
996330691
996330692
996330693
996330694
996330695
996330696
996330697
996330698
996330699
996330700
996330701
996330702
996330703
996330704
996330705
996330706
996330707
996330708
996330709
996330710
996330711
996330712
996330713
996330714
996330715
996330716
996330717
996330718
996330719
996330720
996330721
996330722
996330723
996330724
996330725
996330726
996330727
996330728
996330729
996330730
996330731
996330732
996330733
996330734
996330735
996330736
996330737
996330738
996330739
996330740
996330741
996330742
996330743
996330744
996330745
996330746
996330747
996330748
996330749
996330750
996330751
996330752
996330753
996330754
996330755
996330756
996330757
996330758
996330759
996330760
996330761
996330762
996330763
996330764
996330765
996330766
996330767
996330768
996330769
996330770
996330771
996330772
996330773
996330774
996330775
996330776
996330777
996330778
996330779
996330780
996330781
996330782
996330783
996330784
996330785
996330786
996330787
996330788
996330789
996330790
996330791
996330792
996330793
996330794
996330795
996330796
996330797
996330798
996330799
996330800
996330801
996330802
996330803
996330804
996330805
996330806
996330807
996330808
996330809
996330810
996330811
996330812
996330813
996330814
996330815
996330816
996330817
996330818
996330819
996330820
996330821
996330822
996330823
996330824
996330825
996330826
996330827
996330828
996330829
996330830
996330831
996330832
996330833
996330834
996330835
996330836
996330837
996330838
996330839
996330840
996330841
996330842
996330843
996330844
996330845
996330846
996330847
996330848
996330849
996330850
996330851
996330852
996330853
996330854
996330855
996330856
996330857
996330858
996330859
996330860
996330861
996330862
996330863
996330864
996330865
996330866
996330867
996330868
996330869
996330870
996330871
996330872
996330873
996330874
996330875
996330876
996330877
996330878
996330879
996330880
996330881
996330882
996330883
996330884
996330885
996330886
996330887
996330888
996330889
996330890
996330891
996330892
996330893
996330894
996330895
996330896
996330897
996330898
996330899
996330900
996330901
996330902
996330903
996330904
996330905
996330906
996330907
996330908
996330909
996330910
996330911
996330912
996330913
996330914
996330915
996330916
996330917
996330918
996330919
996330920
996330921
996330922
996330923
996330924
996330925
996330926
996330927
996330928
996330929
996330930
996330931
996330932
996330933
996330934
996330935
996330936
996330937
996330938
996330939
996330940
996330941
996330942
996330943
996330944
996330945
996330946
996330947
996330948
996330949
996330950
996330951
996330952
996330953
996330954
996330955
996330956
996330957
996330958
996330959
996330960
996330961
996330962
996330963
996330964
996330965
996330966
996330967
996330968
996330969
996330970
996330971
996330972
996330973
996330974
996330975
996330976
996330977
996330978
996330979
996330980
996330981
996330982
996330983
996330984
996330985
996330986
996330987
996330988
996330989
996330990
996330991
996330992
996330993
996330994
996330995
996330996
996330997
996330998
996330999
996331000
996331001
996331002
996331003
996331004
996331005
996331006
996331007
996331008
996331009
996331010
996331011
996331012
996331013
996331014
996331015
996331016
996331017
996331018
996331019
996331020
996331021
996331022
996331023
996331024
996331025
996331026
996331027
996331028
996331029
996331030
996331031
996331032
996331033
996331034
996331035
996331036
996331037
996331038
996331039
996331040
996331041
996331042
996331043
996331044
996331045
996331046
996331047
996331048
996331049
996331050
996331051
996331052
996331053
996331054
996331055
996331056
996331057
996331058
996331059
996331060
996331061
996331062
996331063
996331064
996331065
996331066
996331067
996331068
996331069
996331070
996331071
996331072
996331073
996331074
996331075
996331076
996331077
996331078
996331079
996331080
996331081
996331082
996331083
996331084
996331085
996331086
996331087
996331088
996331089
996331090
996331091
996331092
996331093
996331094
996331095
996331096
996331097
996331098
996331099
996331100
996331101
996331102
996331103
996331104
996331105
996331106
996331107
996331108
996331109
996331110
996331111
996331112
996331113
996331114
996331115
996331116
996331117
996331118
996331119
996331120
996331121
996331122
996331123
996331124
996331125
996331126
996331127
996331128
996331129
996331130
996331131
996331132
996331133
996331134
996331135
996331136
996331137
996331138
996331139
996331140
996331141
996331142
996331143
996331144
996331145
996331146
996331147
996331148
996331149
996331150
996331151
996331152
996331153
996331154
996331155
996331156
996331157
996331158
996331159
996331160
996331161
996331162
996331163
996331164
996331165
996331166
996331167
996331168
996331169
996331170
996331171
996331172
996331173
996331174
996331175
996331176
996331177
996331178
996331179
996331180
996331181
996331182
996331183
996331184
996331185
996331186
996331187
996331188
996331189
996331190
996331191
996331192
996331193
996331194
996331195
996331196
996331197
996331198
996331199
996331200
996331201
996331202
996331203
996331204
996331205
996331206
996331207
996331208
996331209
996331210
996331211
996331212
996331213
996331214
996331215
996331216
996331217
996331218
996331219
996331220
996331221
996331222
996331223
996331224
996331225
996331226
996331227
996331228
996331229
996331230
996331231
996331232
996331233
996331234
996331235
996331236
996331237
996331238
996331239
996331240
996331241
996331242
996331243
996331244
996331245
996331246
996331247
996331248
996331249
996331250
996331251
996331252
996331253
996331254
996331255
996331256
996331257
996331258
996331259
996331260
996331261
996331262
996331263
996331264
996331265
996331266
996331267
996331268
996331269
996331270
996331271
996331272
996331273
996331274
996331275
996331276
996331277
996331278
996331279
996331280
996331281
996331282
996331283
996331284
996331285
996331286
996331287
996331288
996331289
996331290
996331291
996331292
996331293
996331294
996331295
996331296
996331297
996331298
996331299
996331300
996331301
996331302
996331303
996331304
996331305
996331306
996331307
996331308
996331309
996331310
996331311
996331312
996331313
996331314
996331315
996331316
996331317
996331318
996331319
996331320
996331321
996331322
996331323
996331324
996331325
996331326
996331327
996331328
996331329
996331330
996331331
996331332
996331333
996331334
996331335
996331336
996331337
996331338
996331339
996331340
996331341
996331342
996331343
996331344
996331345
996331346
996331347
996331348
996331349
996331350
996331351
996331352
996331353
996331354
996331355
996331356
996331357
996331358
996331359
996331360
996331361
996331362
996331363
996331364
996331365
996331366
996331367
996331368
996331369
996331370
996331371
996331372
996331373
996331374
996331375
996331376
996331377
996331378
996331379
996331380
996331381
996331382
996331383
996331384
996331385
996331386
996331387
996331388
996331389
996331390
996331391
996331392
996331393
996331394
996331395
996331396
996331397
996331398
996331399
996331400
996331401
996331402
996331403
996331404
996331405
996331406
996331407
996331408
996331409
996331410
996331411
996331412
996331413
996331414
996331415
996331416
996331417
996331418
996331419
996331420
996331421
996331422
996331423
996331424
996331425
996331426
996331427
996331428
996331429
996331430
996331431
996331432
996331433
996331434
996331435
996331436
996331437
996331438
996331439
996331440
996331441
996331442
996331443
996331444
996331445
996331446
996331447
996331448
996331449
996331450
996331451
996331452
996331453
996331454
996331455
996331456
996331457
996331458
996331459
996331460
996331461
996331462
996331463
996331464
996331465
996331466
996331467
996331468
996331469
996331470
996331471
996331472
996331473
996331474
996331475
996331476
996331477
996331478
996331479
996331480
996331481
996331482
996331483
996331484
996331485
996331486
996331487
996331488
996331489
996331490
996331491
996331492
996331493
996331494
996331495
996331496
996331497
996331498
996331499
996331500
996331501
996331502
996331503
996331504
996331505
996331506
996331507
996331508
996331509
996331510
996331511
996331512
996331513
996331514
996331515
996331516
996331517
996331518
996331519
996331520
996331521
996331522
996331523
996331524
996331525
996331526
996331527
996331528
996331529
996331530
996331531
996331532
996331533
996331534
996331535
996331536
996331537
996331538
996331539
996331540
996331541
996331542
996331543
996331544
996331545
996331546
996331547
996331548
996331549
996331550
996331551
996331552
996331553
996331554
996331555
996331556
996331557
996331558
996331559
996331560
996331561
996331562
996331563
996331564
996331565
996331566
996331567
996331568
996331569
996331570
996331571
996331572
996331573
996331574
996331575
996331576
996331577
996331578
996331579
996331580
996331581
996331582
996331583
996331584
996331585
996331586
996331587
996331588
996331589
996331590
996331591
996331592
996331593
996331594
996331595
996331596
996331597
996331598
996331599
996331600
996331601
996331602
996331603
996331604
996331605
996331606
996331607
996331608
996331609
996331610
996331611
996331612
996331613
996331614
996331615
996331616
996331617
996331618
996331619
996331620
996331621
996331622
996331623
996331624
996331625
996331626
996331627
996331628
996331629
996331630
996331631
996331632
996331633
996331634
996331635
996331636
996331637
996331638
996331639
996331640
996331641
996331642
996331643
996331644
996331645
996331646
996331647
996331648
996331649
996331650
996331651
996331652
996331653
996331654
996331655
996331656
996331657
996331658
996331659
996331660
996331661
996331662
996331663
996331664
996331665
996331666
996331667
996331668
996331669
996331670
996331671
996331672
996331673
996331674
996331675
996331676
996331677
996331678
996331679
996331680
996331681
996331682
996331683
996331684
996331685
996331686
996331687
996331688
996331689
996331690
996331691
996331692
996331693
996331694
996331695
996331696
996331697
996331698
996331699
996331700
996331701
996331702
996331703
996331704
996331705
996331706
996331707
996331708
996331709
996331710
996331711
996331712
996331713
996331714
996331715
996331716
996331717
996331718
996331719
996331720
996331721
996331722
996331723
996331724
996331725
996331726
996331727
996331728
996331729
996331730
996331731
996331732
996331733
996331734
996331735
996331736
996331737
996331738
996331739
996331740
996331741
996331742
996331743
996331744
996331745
996331746
996331747
996331748
996331749
996331750
996331751
996331752
996331753
996331754
996331755
996331756
996331757
996331758
996331759
996331760
996331761
996331762
996331763
996331764
996331765
996331766
996331767
996331768
996331769
996331770
996331771
996331772
996331773
996331774
996331775
996331776
996331777
996331778
996331779
996331780
996331781
996331782
996331783
996331784
996331785
996331786
996331787
996331788
996331789
996331790
996331791
996331792
996331793
996331794
996331795
996331796
996331797
996331798
996331799
996331800
996331801
996331802
996331803
996331804
996331805
996331806
996331807
996331808
996331809
996331810
996331811
996331812
996331813
996331814
996331815
996331816
996331817
996331818
996331819
996331820
996331821
996331822
996331823
996331824
996331825
996331826
996331827
996331828
996331829
996331830
996331831
996331832
996331833
996331834
996331835
996331836
996331837
996331838
996331839
996331840
996331841
996331842
996331843
996331844
996331845
996331846
996331847
996331848
996331849
996331850
996331851
996331852
996331853
996331854
996331855
996331856
996331857
996331858
996331859
996331860
996331861
996331862
996331863
996331864
996331865
996331866
996331867
996331868
996331869
996331870
996331871
996331872
996331873
996331874
996331875
996331876
996331877
996331878
996331879
996331880
996331881
996331882
996331883
996331884
996331885
996331886
996331887
996331888
996331889
996331890
996331891
996331892
996331893
996331894
996331895
996331896
996331897
996331898
996331899
996331900
996331901
996331902
996331903
996331904
996331905
996331906
996331907
996331908
996331909
996331910
996331911
996331912
996331913
996331914
996331915
996331916
996331917
996331918
996331919
996331920
996331921
996331922
996331923
996331924
996331925
996331926
996331927
996331928
996331929
996331930
996331931
996331932
996331933
996331934
996331935
996331936
996331937
996331938
996331939
996331940
996331941
996331942
996331943
996331944
996331945
996331946
996331947
996331948
996331949
996331950
996331951
996331952
996331953
996331954
996331955
996331956
996331957
996331958
996331959
996331960
996331961
996331962
996331963
996331964
996331965
996331966
996331967
996331968
996331969
996331970
996331971
996331972
996331973
996331974
996331975
996331976
996331977
996331978
996331979
996331980
996331981
996331982
996331983
996331984
996331985
996331986
996331987
996331988
996331989
996331990
996331991
996331992
996331993
996331994
996331995
996331996
996331997
996331998
996331999
996332000
996332001
996332002
996332003
996332004
996332005
996332006
996332007
996332008
996332009
996332010
996332011
996332012
996332013
996332014
996332015
996332016
996332017
996332018
996332019
996332020
996332021
996332022
996332023
996332024
996332025
996332026
996332027
996332028
996332029
996332030
996332031
996332032
996332033
996332034
996332035
996332036
996332037
996332038
996332039
996332040
996332041
996332042
996332043
996332044
996332045
996332046
996332047
996332048
996332049
996332050
996332051
996332052
996332053
996332054
996332055
996332056
996332057
996332058
996332059
996332060
996332061
996332062
996332063
996332064
996332065
996332066
996332067
996332068
996332069
996332070
996332071
996332072
996332073
996332074
996332075
996332076
996332077
996332078
996332079
996332080
996332081
996332082
996332083
996332084
996332085
996332086
996332087
996332088
996332089
996332090
996332091
996332092
996332093
996332094
996332095
996332096
996332097
996332098
996332099
996332100
996332101
996332102
996332103
996332104
996332105
996332106
996332107
996332108
996332109
996332110
996332111
996332112
996332113
996332114
996332115
996332116
996332117
996332118
996332119
996332120
996332121
996332122
996332123
996332124
996332125
996332126
996332127
996332128
996332129
996332130
996332131
996332132
996332133
996332134
996332135
996332136
996332137
996332138
996332139
996332140
996332141
996332142
996332143
996332144
996332145
996332146
996332147
996332148
996332149
996332150
996332151
996332152
996332153
996332154
996332155
996332156
996332157
996332158
996332159
996332160
996332161
996332162
996332163
996332164
996332165
996332166
996332167
996332168
996332169
996332170
996332171
996332172
996332173
996332174
996332175
996332176
996332177
996332178
996332179
996332180
996332181
996332182
996332183
996332184
996332185
996332186
996332187
996332188
996332189
996332190
996332191
996332192
996332193
996332194
996332195
996332196
996332197
996332198
996332199
996332200
996332201
996332202
996332203
996332204
996332205
996332206
996332207
996332208
996332209
996332210
996332211
996332212
996332213
996332214
996332215
996332216
996332217
996332218
996332219
996332220
996332221
996332222
996332223
996332224
996332225
996332226
996332227
996332228
996332229
996332230
996332231
996332232
996332233
996332234
996332235
996332236
996332237
996332238
996332239
996332240
996332241
996332242
996332243
996332244
996332245
996332246
996332247
996332248
996332249
996332250
996332251
996332252
996332253
996332254
996332255
996332256
996332257
996332258
996332259
996332260
996332261
996332262
996332263
996332264
996332265
996332266
996332267
996332268
996332269
996332270
996332271
996332272
996332273
996332274
996332275
996332276
996332277
996332278
996332279
996332280
996332281
996332282
996332283
996332284
996332285
996332286
996332287
996332288
996332289
996332290
996332291
996332292
996332293
996332294
996332295
996332296
996332297
996332298
996332299
996332300
996332301
996332302
996332303
996332304
996332305
996332306
996332307
996332308
996332309
996332310
996332311
996332312
996332313
996332314
996332315
996332316
996332317
996332318
996332319
996332320
996332321
996332322
996332323
996332324
996332325
996332326
996332327
996332328
996332329
996332330
996332331
996332332
996332333
996332334
996332335
996332336
996332337
996332338
996332339
996332340
996332341
996332342
996332343
996332344
996332345
996332346
996332347
996332348
996332349
996332350
996332351
996332352
996332353
996332354
996332355
996332356
996332357
996332358
996332359
996332360
996332361
996332362
996332363
996332364
996332365
996332366
996332367
996332368
996332369
996332370
996332371
996332372
996332373
996332374
996332375
996332376
996332377
996332378
996332379
996332380
996332381
996332382
996332383
996332384
996332385
996332386
996332387
996332388
996332389
996332390
996332391
996332392
996332393
996332394
996332395
996332396
996332397
996332398
996332399
996332400
996332401
996332402
996332403
996332404
996332405
996332406
996332407
996332408
996332409
996332410
996332411
996332412
996332413
996332414
996332415
996332416
996332417
996332418
996332419
996332420
996332421
996332422
996332423
996332424
996332425
996332426
996332427
996332428
996332429
996332430
996332431
996332432
996332433
996332434
996332435
996332436
996332437
996332438
996332439
996332440
996332441
996332442
996332443
996332444
996332445
996332446
996332447
996332448
996332449
996332450
996332451
996332452
996332453
996332454
996332455
996332456
996332457
996332458
996332459
996332460
996332461
996332462
996332463
996332464
996332465
996332466
996332467
996332468
996332469
996332470
996332471
996332472
996332473
996332474
996332475
996332476
996332477
996332478
996332479
996332480
996332481
996332482
996332483
996332484
996332485
996332486
996332487
996332488
996332489
996332490
996332491
996332492
996332493
996332494
996332495
996332496
996332497
996332498
996332499
996332500
996332501
996332502
996332503
996332504
996332505
996332506
996332507
996332508
996332509
996332510
996332511
996332512
996332513
996332514
996332515
996332516
996332517
996332518
996332519
996332520
996332521
996332522
996332523
996332524
996332525
996332526
996332527
996332528
996332529
996332530
996332531
996332532
996332533
996332534
996332535
996332536
996332537
996332538
996332539
996332540
996332541
996332542
996332543
996332544
996332545
996332546
996332547
996332548
996332549
996332550
996332551
996332552
996332553
996332554
996332555
996332556
996332557
996332558
996332559
996332560
996332561
996332562
996332563
996332564
996332565
996332566
996332567
996332568
996332569
996332570
996332571
996332572
996332573
996332574
996332575
996332576
996332577
996332578
996332579
996332580
996332581
996332582
996332583
996332584
996332585
996332586
996332587
996332588
996332589
996332590
996332591
996332592
996332593
996332594
996332595
996332596
996332597
996332598
996332599
996332600
996332601
996332602
996332603
996332604
996332605
996332606
996332607
996332608
996332609
996332610
996332611
996332612
996332613
996332614
996332615
996332616
996332617
996332618
996332619
996332620
996332621
996332622
996332623
996332624
996332625
996332626
996332627
996332628
996332629
996332630
996332631
996332632
996332633
996332634
996332635
996332636
996332637
996332638
996332639
996332640
996332641
996332642
996332643
996332644
996332645
996332646
996332647
996332648
996332649
996332650
996332651
996332652
996332653
996332654
996332655
996332656
996332657
996332658
996332659
996332660
996332661
996332662
996332663
996332664
996332665
996332666
996332667
996332668
996332669
996332670
996332671
996332672
996332673
996332674
996332675
996332676
996332677
996332678
996332679
996332680
996332681
996332682
996332683
996332684
996332685
996332686
996332687
996332688
996332689
996332690
996332691
996332692
996332693
996332694
996332695
996332696
996332697
996332698
996332699
996332700
996332701
996332702
996332703
996332704
996332705
996332706
996332707
996332708
996332709
996332710
996332711
996332712
996332713
996332714
996332715
996332716
996332717
996332718
996332719
996332720
996332721
996332722
996332723
996332724
996332725
996332726
996332727
996332728
996332729
996332730
996332731
996332732
996332733
996332734
996332735
996332736
996332737
996332738
996332739
996332740
996332741
996332742
996332743
996332744
996332745
996332746
996332747
996332748
996332749
996332750
996332751
996332752
996332753
996332754
996332755
996332756
996332757
996332758
996332759
996332760
996332761
996332762
996332763
996332764
996332765
996332766
996332767
996332768
996332769
996332770
996332771
996332772
996332773
996332774
996332775
996332776
996332777
996332778
996332779
996332780
996332781
996332782
996332783
996332784
996332785
996332786
996332787
996332788
996332789
996332790
996332791
996332792
996332793
996332794
996332795
996332796
996332797
996332798
996332799
996332800
996332801
996332802
996332803
996332804
996332805
996332806
996332807
996332808
996332809
996332810
996332811
996332812
996332813
996332814
996332815
996332816
996332817
996332818
996332819
996332820
996332821
996332822
996332823
996332824
996332825
996332826
996332827
996332828
996332829
996332830
996332831
996332832
996332833
996332834
996332835
996332836
996332837
996332838
996332839
996332840
996332841
996332842
996332843
996332844
996332845
996332846
996332847
996332848
996332849
996332850
996332851
996332852
996332853
996332854
996332855
996332856
996332857
996332858
996332859
996332860
996332861
996332862
996332863
996332864
996332865
996332866
996332867
996332868
996332869
996332870
996332871
996332872
996332873
996332874
996332875
996332876
996332877
996332878
996332879
996332880
996332881
996332882
996332883
996332884
996332885
996332886
996332887
996332888
996332889
996332890
996332891
996332892
996332893
996332894
996332895
996332896
996332897
996332898
996332899
996332900
996332901
996332902
996332903
996332904
996332905
996332906
996332907
996332908
996332909
996332910
996332911
996332912
996332913
996332914
996332915
996332916
996332917
996332918
996332919
996332920
996332921
996332922
996332923
996332924
996332925
996332926
996332927
996332928
996332929
996332930
996332931
996332932
996332933
996332934
996332935
996332936
996332937
996332938
996332939
996332940
996332941
996332942
996332943
996332944
996332945
996332946
996332947
996332948
996332949
996332950
996332951
996332952
996332953
996332954
996332955
996332956
996332957
996332958
996332959
996332960
996332961
996332962
996332963
996332964
996332965
996332966
996332967
996332968
996332969
996332970
996332971
996332972
996332973
996332974
996332975
996332976
996332977
996332978
996332979
996332980
996332981
996332982
996332983
996332984
996332985
996332986
996332987
996332988
996332989
996332990
996332991
996332992
996332993
996332994
996332995
996332996
996332997
996332998
996332999
996333000
996333001
996333002
996333003
996333004
996333005
996333006
996333007
996333008
996333009
996333010
996333011
996333012
996333013
996333014
996333015
996333016
996333017
996333018
996333019
996333020
996333021
996333022
996333023
996333024
996333025
996333026
996333027
996333028
996333029
996333030
996333031
996333032
996333033
996333034
996333035
996333036
996333037
996333038
996333039
996333040
996333041
996333042
996333043
996333044
996333045
996333046
996333047
996333048
996333049
996333050
996333051
996333052
996333053
996333054
996333055
996333056
996333057
996333058
996333059
996333060
996333061
996333062
996333063
996333064
996333065
996333066
996333067
996333068
996333069
996333070
996333071
996333072
996333073
996333074
996333075
996333076
996333077
996333078
996333079
996333080
996333081
996333082
996333083
996333084
996333085
996333086
996333087
996333088
996333089
996333090
996333091
996333092
996333093
996333094
996333095
996333096
996333097
996333098
996333099
996333100
996333101
996333102
996333103
996333104
996333105
996333106
996333107
996333108
996333109
996333110
996333111
996333112
996333113
996333114
996333115
996333116
996333117
996333118
996333119
996333120
996333121
996333122
996333123
996333124
996333125
996333126
996333127
996333128
996333129
996333130
996333131
996333132
996333133
996333134
996333135
996333136
996333137
996333138
996333139
996333140
996333141
996333142
996333143
996333144
996333145
996333146
996333147
996333148
996333149
996333150
996333151
996333152
996333153
996333154
996333155
996333156
996333157
996333158
996333159
996333160
996333161
996333162
996333163
996333164
996333165
996333166
996333167
996333168
996333169
996333170
996333171
996333172
996333173
996333174
996333175
996333176
996333177
996333178
996333179
996333180
996333181
996333182
996333183
996333184
996333185
996333186
996333187
996333188
996333189
996333190
996333191
996333192
996333193
996333194
996333195
996333196
996333197
996333198
996333199
996333200
996333201
996333202
996333203
996333204
996333205
996333206
996333207
996333208
996333209
996333210
996333211
996333212
996333213
996333214
996333215
996333216
996333217
996333218
996333219
996333220
996333221
996333222
996333223
996333224
996333225
996333226
996333227
996333228
996333229
996333230
996333231
996333232
996333233
996333234
996333235
996333236
996333237
996333238
996333239
996333240
996333241
996333242
996333243
996333244
996333245
996333246
996333247
996333248
996333249
996333250
996333251
996333252
996333253
996333254
996333255
996333256
996333257
996333258
996333259
996333260
996333261
996333262
996333263
996333264
996333265
996333266
996333267
996333268
996333269
996333270
996333271
996333272
996333273
996333274
996333275
996333276
996333277
996333278
996333279
996333280
996333281
996333282
996333283
996333284
996333285
996333286
996333287
996333288
996333289
996333290
996333291
996333292
996333293
996333294
996333295
996333296
996333297
996333298
996333299
996333300
996333301
996333302
996333303
996333304
996333305
996333306
996333307
996333308
996333309
996333310
996333311
996333312
996333313
996333314
996333315
996333316
996333317
996333318
996333319
996333320
996333321
996333322
996333323
996333324
996333325
996333326
996333327
996333328
996333329
996333330
996333331
996333332
996333333
996333334
996333335
996333336
996333337
996333338
996333339
996333340
996333341
996333342
996333343
996333344
996333345
996333346
996333347
996333348
996333349
996333350
996333351
996333352
996333353
996333354
996333355
996333356
996333357
996333358
996333359
996333360
996333361
996333362
996333363
996333364
996333365
996333366
996333367
996333368
996333369
996333370
996333371
996333372
996333373
996333374
996333375
996333376
996333377
996333378
996333379
996333380
996333381
996333382
996333383
996333384
996333385
996333386
996333387
996333388
996333389
996333390
996333391
996333392
996333393
996333394
996333395
996333396
996333397
996333398
996333399
996333400
996333401
996333402
996333403
996333404
996333405
996333406
996333407
996333408
996333409
996333410
996333411
996333412
996333413
996333414
996333415
996333416
996333417
996333418
996333419
996333420
996333421
996333422
996333423
996333424
996333425
996333426
996333427
996333428
996333429
996333430
996333431
996333432
996333433
996333434
996333435
996333436
996333437
996333438
996333439
996333440
996333441
996333442
996333443
996333444
996333445
996333446
996333447
996333448
996333449
996333450
996333451
996333452
996333453
996333454
996333455
996333456
996333457
996333458
996333459
996333460
996333461
996333462
996333463
996333464
996333465
996333466
996333467
996333468
996333469
996333470
996333471
996333472
996333473
996333474
996333475
996333476
996333477
996333478
996333479
996333480
996333481
996333482
996333483
996333484
996333485
996333486
996333487
996333488
996333489
996333490
996333491
996333492
996333493
996333494
996333495
996333496
996333497
996333498
996333499
996333500
996333501
996333502
996333503
996333504
996333505
996333506
996333507
996333508
996333509
996333510
996333511
996333512
996333513
996333514
996333515
996333516
996333517
996333518
996333519
996333520
996333521
996333522
996333523
996333524
996333525
996333526
996333527
996333528
996333529
996333530
996333531
996333532
996333533
996333534
996333535
996333536
996333537
996333538
996333539
996333540
996333541
996333542
996333543
996333544
996333545
996333546
996333547
996333548
996333549
996333550
996333551
996333552
996333553
996333554
996333555
996333556
996333557
996333558
996333559
996333560
996333561
996333562
996333563
996333564
996333565
996333566
996333567
996333568
996333569
996333570
996333571
996333572
996333573
996333574
996333575
996333576
996333577
996333578
996333579
996333580
996333581
996333582
996333583
996333584
996333585
996333586
996333587
996333588
996333589
996333590
996333591
996333592
996333593
996333594
996333595
996333596
996333597
996333598
996333599
996333600
996333601
996333602
996333603
996333604
996333605
996333606
996333607
996333608
996333609
996333610
996333611
996333612
996333613
996333614
996333615
996333616
996333617
996333618
996333619
996333620
996333621
996333622
996333623
996333624
996333625
996333626
996333627
996333628
996333629
996333630
996333631
996333632
996333633
996333634
996333635
996333636
996333637
996333638
996333639
996333640
996333641
996333642
996333643
996333644
996333645
996333646
996333647
996333648
996333649
996333650
996333651
996333652
996333653
996333654
996333655
996333656
996333657
996333658
996333659
996333660
996333661
996333662
996333663
996333664
996333665
996333666
996333667
996333668
996333669
996333670
996333671
996333672
996333673
996333674
996333675
996333676
996333677
996333678
996333679
996333680
996333681
996333682
996333683
996333684
996333685
996333686
996333687
996333688
996333689
996333690
996333691
996333692
996333693
996333694
996333695
996333696
996333697
996333698
996333699
996333700
996333701
996333702
996333703
996333704
996333705
996333706
996333707
996333708
996333709
996333710
996333711
996333712
996333713
996333714
996333715
996333716
996333717
996333718
996333719
996333720
996333721
996333722
996333723
996333724
996333725
996333726
996333727
996333728
996333729
996333730
996333731
996333732
996333733
996333734
996333735
996333736
996333737
996333738
996333739
996333740
996333741
996333742
996333743
996333744
996333745
996333746
996333747
996333748
996333749
996333750
996333751
996333752
996333753
996333754
996333755
996333756
996333757
996333758
996333759
996333760
996333761
996333762
996333763
996333764
996333765
996333766
996333767
996333768
996333769
996333770
996333771
996333772
996333773
996333774
996333775
996333776
996333777
996333778
996333779
996333780
996333781
996333782
996333783
996333784
996333785
996333786
996333787
996333788
996333789
996333790
996333791
996333792
996333793
996333794
996333795
996333796
996333797
996333798
996333799
996333800
996333801
996333802
996333803
996333804
996333805
996333806
996333807
996333808
996333809
996333810
996333811
996333812
996333813
996333814
996333815
996333816
996333817
996333818
996333819
996333820
996333821
996333822
996333823
996333824
996333825
996333826
996333827
996333828
996333829
996333830
996333831
996333832
996333833
996333834
996333835
996333836
996333837
996333838
996333839
996333840
996333841
996333842
996333843
996333844
996333845
996333846
996333847
996333848
996333849
996333850
996333851
996333852
996333853
996333854
996333855
996333856
996333857
996333858
996333859
996333860
996333861
996333862
996333863
996333864
996333865
996333866
996333867
996333868
996333869
996333870
996333871
996333872
996333873
996333874
996333875
996333876
996333877
996333878
996333879
996333880
996333881
996333882
996333883
996333884
996333885
996333886
996333887
996333888
996333889
996333890
996333891
996333892
996333893
996333894
996333895
996333896
996333897
996333898
996333899
996333900
996333901
996333902
996333903
996333904
996333905
996333906
996333907
996333908
996333909
996333910
996333911
996333912
996333913
996333914
996333915
996333916
996333917
996333918
996333919
996333920
996333921
996333922
996333923
996333924
996333925
996333926
996333927
996333928
996333929
996333930
996333931
996333932
996333933
996333934
996333935
996333936
996333937
996333938
996333939
996333940
996333941
996333942
996333943
996333944
996333945
996333946
996333947
996333948
996333949
996333950
996333951
996333952
996333953
996333954
996333955
996333956
996333957
996333958
996333959
996333960
996333961
996333962
996333963
996333964
996333965
996333966
996333967
996333968
996333969
996333970
996333971
996333972
996333973
996333974
996333975
996333976
996333977
996333978
996333979
996333980
996333981
996333982
996333983
996333984
996333985
996333986
996333987
996333988
996333989
996333990
996333991
996333992
996333993
996333994
996333995
996333996
996333997
996333998
996333999
996334000
996334001
996334002
996334003
996334004
996334005
996334006
996334007
996334008
996334009
996334010
996334011
996334012
996334013
996334014
996334015
996334016
996334017
996334018
996334019
996334020
996334021
996334022
996334023
996334024
996334025
996334026
996334027
996334028
996334029
996334030
996334031
996334032
996334033
996334034
996334035
996334036
996334037
996334038
996334039
996334040
996334041
996334042
996334043
996334044
996334045
996334046
996334047
996334048
996334049
996334050
996334051
996334052
996334053
996334054
996334055
996334056
996334057
996334058
996334059
996334060
996334061
996334062
996334063
996334064
996334065
996334066
996334067
996334068
996334069
996334070
996334071
996334072
996334073
996334074
996334075
996334076
996334077
996334078
996334079
996334080
996334081
996334082
996334083
996334084
996334085
996334086
996334087
996334088
996334089
996334090
996334091
996334092
996334093
996334094
996334095
996334096
996334097
996334098
996334099
996334100
996334101
996334102
996334103
996334104
996334105
996334106
996334107
996334108
996334109
996334110
996334111
996334112
996334113
996334114
996334115
996334116
996334117
996334118
996334119
996334120
996334121
996334122
996334123
996334124
996334125
996334126
996334127
996334128
996334129
996334130
996334131
996334132
996334133
996334134
996334135
996334136
996334137
996334138
996334139
996334140
996334141
996334142
996334143
996334144
996334145
996334146
996334147
996334148
996334149
996334150
996334151
996334152
996334153
996334154
996334155
996334156
996334157
996334158
996334159
996334160
996334161
996334162
996334163
996334164
996334165
996334166
996334167
996334168
996334169
996334170
996334171
996334172
996334173
996334174
996334175
996334176
996334177
996334178
996334179
996334180
996334181
996334182
996334183
996334184
996334185
996334186
996334187
996334188
996334189
996334190
996334191
996334192
996334193
996334194
996334195
996334196
996334197
996334198
996334199
996334200
996334201
996334202
996334203
996334204
996334205
996334206
996334207
996334208
996334209
996334210
996334211
996334212
996334213
996334214
996334215
996334216
996334217
996334218
996334219
996334220
996334221
996334222
996334223
996334224
996334225
996334226
996334227
996334228
996334229
996334230
996334231
996334232
996334233
996334234
996334235
996334236
996334237
996334238
996334239
996334240
996334241
996334242
996334243
996334244
996334245
996334246
996334247
996334248
996334249
996334250
996334251
996334252
996334253
996334254
996334255
996334256
996334257
996334258
996334259
996334260
996334261
996334262
996334263
996334264
996334265
996334266
996334267
996334268
996334269
996334270
996334271
996334272
996334273
996334274
996334275
996334276
996334277
996334278
996334279
996334280
996334281
996334282
996334283
996334284
996334285
996334286
996334287
996334288
996334289
996334290
996334291
996334292
996334293
996334294
996334295
996334296
996334297
996334298
996334299
996334300
996334301
996334302
996334303
996334304
996334305
996334306
996334307
996334308
996334309
996334310
996334311
996334312
996334313
996334314
996334315
996334316
996334317
996334318
996334319
996334320
996334321
996334322
996334323
996334324
996334325
996334326
996334327
996334328
996334329
996334330
996334331
996334332
996334333
996334334
996334335
996334336
996334337
996334338
996334339
996334340
996334341
996334342
996334343
996334344
996334345
996334346
996334347
996334348
996334349
996334350
996334351
996334352
996334353
996334354
996334355
996334356
996334357
996334358
996334359
996334360
996334361
996334362
996334363
996334364
996334365
996334366
996334367
996334368
996334369
996334370
996334371
996334372
996334373
996334374
996334375
996334376
996334377
996334378
996334379
996334380
996334381
996334382
996334383
996334384
996334385
996334386
996334387
996334388
996334389
996334390
996334391
996334392
996334393
996334394
996334395
996334396
996334397
996334398
996334399
996334400
996334401
996334402
996334403
996334404
996334405
996334406
996334407
996334408
996334409
996334410
996334411
996334412
996334413
996334414
996334415
996334416
996334417
996334418
996334419
996334420
996334421
996334422
996334423
996334424
996334425
996334426
996334427
996334428
996334429
996334430
996334431
996334432
996334433
996334434
996334435
996334436
996334437
996334438
996334439
996334440
996334441
996334442
996334443
996334444
996334445
996334446
996334447
996334448
996334449
996334450
996334451
996334452
996334453
996334454
996334455
996334456
996334457
996334458
996334459
996334460
996334461
996334462
996334463
996334464
996334465
996334466
996334467
996334468
996334469
996334470
996334471
996334472
996334473
996334474
996334475
996334476
996334477
996334478
996334479
996334480
996334481
996334482
996334483
996334484
996334485
996334486
996334487
996334488
996334489
996334490
996334491
996334492
996334493
996334494
996334495
996334496
996334497
996334498
996334499
996334500
996334501
996334502
996334503
996334504
996334505
996334506
996334507
996334508
996334509
996334510
996334511
996334512
996334513
996334514
996334515
996334516
996334517
996334518
996334519
996334520
996334521
996334522
996334523
996334524
996334525
996334526
996334527
996334528
996334529
996334530
996334531
996334532
996334533
996334534
996334535
996334536
996334537
996334538
996334539
996334540
996334541
996334542
996334543
996334544
996334545
996334546
996334547
996334548
996334549
996334550
996334551
996334552
996334553
996334554
996334555
996334556
996334557
996334558
996334559
996334560
996334561
996334562
996334563
996334564
996334565
996334566
996334567
996334568
996334569
996334570
996334571
996334572
996334573
996334574
996334575
996334576
996334577
996334578
996334579
996334580
996334581
996334582
996334583
996334584
996334585
996334586
996334587
996334588
996334589
996334590
996334591
996334592
996334593
996334594
996334595
996334596
996334597
996334598
996334599
996334600
996334601
996334602
996334603
996334604
996334605
996334606
996334607
996334608
996334609
996334610
996334611
996334612
996334613
996334614
996334615
996334616
996334617
996334618
996334619
996334620
996334621
996334622
996334623
996334624
996334625
996334626
996334627
996334628
996334629
996334630
996334631
996334632
996334633
996334634
996334635
996334636
996334637
996334638
996334639
996334640
996334641
996334642
996334643
996334644
996334645
996334646
996334647
996334648
996334649
996334650
996334651
996334652
996334653
996334654
996334655
996334656
996334657
996334658
996334659
996334660
996334661
996334662
996334663
996334664
996334665
996334666
996334667
996334668
996334669
996334670
996334671
996334672
996334673
996334674
996334675
996334676
996334677
996334678
996334679
996334680
996334681
996334682
996334683
996334684
996334685
996334686
996334687
996334688
996334689
996334690
996334691
996334692
996334693
996334694
996334695
996334696
996334697
996334698
996334699
996334700
996334701
996334702
996334703
996334704
996334705
996334706
996334707
996334708
996334709
996334710
996334711
996334712
996334713
996334714
996334715
996334716
996334717
996334718
996334719
996334720
996334721
996334722
996334723
996334724
996334725
996334726
996334727
996334728
996334729
996334730
996334731
996334732
996334733
996334734
996334735
996334736
996334737
996334738
996334739
996334740
996334741
996334742
996334743
996334744
996334745
996334746
996334747
996334748
996334749
996334750
996334751
996334752
996334753
996334754
996334755
996334756
996334757
996334758
996334759
996334760
996334761
996334762
996334763
996334764
996334765
996334766
996334767
996334768
996334769
996334770
996334771
996334772
996334773
996334774
996334775
996334776
996334777
996334778
996334779
996334780
996334781
996334782
996334783
996334784
996334785
996334786
996334787
996334788
996334789
996334790
996334791
996334792
996334793
996334794
996334795
996334796
996334797
996334798
996334799
996334800
996334801
996334802
996334803
996334804
996334805
996334806
996334807
996334808
996334809
996334810
996334811
996334812
996334813
996334814
996334815
996334816
996334817
996334818
996334819
996334820
996334821
996334822
996334823
996334824
996334825
996334826
996334827
996334828
996334829
996334830
996334831
996334832
996334833
996334834
996334835
996334836
996334837
996334838
996334839
996334840
996334841
996334842
996334843
996334844
996334845
996334846
996334847
996334848
996334849
996334850
996334851
996334852
996334853
996334854
996334855
996334856
996334857
996334858
996334859
996334860
996334861
996334862
996334863
996334864
996334865
996334866
996334867
996334868
996334869
996334870
996334871
996334872
996334873
996334874
996334875
996334876
996334877
996334878
996334879
996334880
996334881
996334882
996334883
996334884
996334885
996334886
996334887
996334888
996334889
996334890
996334891
996334892
996334893
996334894
996334895
996334896
996334897
996334898
996334899
996334900
996334901
996334902
996334903
996334904
996334905
996334906
996334907
996334908
996334909
996334910
996334911
996334912
996334913
996334914
996334915
996334916
996334917
996334918
996334919
996334920
996334921
996334922
996334923
996334924
996334925
996334926
996334927
996334928
996334929
996334930
996334931
996334932
996334933
996334934
996334935
996334936
996334937
996334938
996334939
996334940
996334941
996334942
996334943
996334944
996334945
996334946
996334947
996334948
996334949
996334950
996334951
996334952
996334953
996334954
996334955
996334956
996334957
996334958
996334959
996334960
996334961
996334962
996334963
996334964
996334965
996334966
996334967
996334968
996334969
996334970
996334971
996334972
996334973
996334974
996334975
996334976
996334977
996334978
996334979
996334980
996334981
996334982
996334983
996334984
996334985
996334986
996334987
996334988
996334989
996334990
996334991
996334992
996334993
996334994
996334995
996334996
996334997
996334998
996334999
996335000
996335001
996335002
996335003
996335004
996335005
996335006
996335007
996335008
996335009
996335010
996335011
996335012
996335013
996335014
996335015
996335016
996335017
996335018
996335019
996335020
996335021
996335022
996335023
996335024
996335025
996335026
996335027
996335028
996335029
996335030
996335031
996335032
996335033
996335034
996335035
996335036
996335037
996335038
996335039
996335040
996335041
996335042
996335043
996335044
996335045
996335046
996335047
996335048
996335049
996335050
996335051
996335052
996335053
996335054
996335055
996335056
996335057
996335058
996335059
996335060
996335061
996335062
996335063
996335064
996335065
996335066
996335067
996335068
996335069
996335070
996335071
996335072
996335073
996335074
996335075
996335076
996335077
996335078
996335079
996335080
996335081
996335082
996335083
996335084
996335085
996335086
996335087
996335088
996335089
996335090
996335091
996335092
996335093
996335094
996335095
996335096
996335097
996335098
996335099
996335100
996335101
996335102
996335103
996335104
996335105
996335106
996335107
996335108
996335109
996335110
996335111
996335112
996335113
996335114
996335115
996335116
996335117
996335118
996335119
996335120
996335121
996335122
996335123
996335124
996335125
996335126
996335127
996335128
996335129
996335130
996335131
996335132
996335133
996335134
996335135
996335136
996335137
996335138
996335139
996335140
996335141
996335142
996335143
996335144
996335145
996335146
996335147
996335148
996335149
996335150
996335151
996335152
996335153
996335154
996335155
996335156
996335157
996335158
996335159
996335160
996335161
996335162
996335163
996335164
996335165
996335166
996335167
996335168
996335169
996335170
996335171
996335172
996335173
996335174
996335175
996335176
996335177
996335178
996335179
996335180
996335181
996335182
996335183
996335184
996335185
996335186
996335187
996335188
996335189
996335190
996335191
996335192
996335193
996335194
996335195
996335196
996335197
996335198
996335199
996335200
996335201
996335202
996335203
996335204
996335205
996335206
996335207
996335208
996335209
996335210
996335211
996335212
996335213
996335214
996335215
996335216
996335217
996335218
996335219
996335220
996335221
996335222
996335223
996335224
996335225
996335226
996335227
996335228
996335229
996335230
996335231
996335232
996335233
996335234
996335235
996335236
996335237
996335238
996335239
996335240
996335241
996335242
996335243
996335244
996335245
996335246
996335247
996335248
996335249
996335250
996335251
996335252
996335253
996335254
996335255
996335256
996335257
996335258
996335259
996335260
996335261
996335262
996335263
996335264
996335265
996335266
996335267
996335268
996335269
996335270
996335271
996335272
996335273
996335274
996335275
996335276
996335277
996335278
996335279
996335280
996335281
996335282
996335283
996335284
996335285
996335286
996335287
996335288
996335289
996335290
996335291
996335292
996335293
996335294
996335295
996335296
996335297
996335298
996335299
996335300
996335301
996335302
996335303
996335304
996335305
996335306
996335307
996335308
996335309
996335310
996335311
996335312
996335313
996335314
996335315
996335316
996335317
996335318
996335319
996335320
996335321
996335322
996335323
996335324
996335325
996335326
996335327
996335328
996335329
996335330
996335331
996335332
996335333
996335334
996335335
996335336
996335337
996335338
996335339
996335340
996335341
996335342
996335343
996335344
996335345
996335346
996335347
996335348
996335349
996335350
996335351
996335352
996335353
996335354
996335355
996335356
996335357
996335358
996335359
996335360
996335361
996335362
996335363
996335364
996335365
996335366
996335367
996335368
996335369
996335370
996335371
996335372
996335373
996335374
996335375
996335376
996335377
996335378
996335379
996335380
996335381
996335382
996335383
996335384
996335385
996335386
996335387
996335388
996335389
996335390
996335391
996335392
996335393
996335394
996335395
996335396
996335397
996335398
996335399
996335400
996335401
996335402
996335403
996335404
996335405
996335406
996335407
996335408
996335409
996335410
996335411
996335412
996335413
996335414
996335415
996335416
996335417
996335418
996335419
996335420
996335421
996335422
996335423
996335424
996335425
996335426
996335427
996335428
996335429
996335430
996335431
996335432
996335433
996335434
996335435
996335436
996335437
996335438
996335439
996335440
996335441
996335442
996335443
996335444
996335445
996335446
996335447
996335448
996335449
996335450
996335451
996335452
996335453
996335454
996335455
996335456
996335457
996335458
996335459
996335460
996335461
996335462
996335463
996335464
996335465
996335466
996335467
996335468
996335469
996335470
996335471
996335472
996335473
996335474
996335475
996335476
996335477
996335478
996335479
996335480
996335481
996335482
996335483
996335484
996335485
996335486
996335487
996335488
996335489
996335490
996335491
996335492
996335493
996335494
996335495
996335496
996335497
996335498
996335499
996335500
996335501
996335502
996335503
996335504
996335505
996335506
996335507
996335508
996335509
996335510
996335511
996335512
996335513
996335514
996335515
996335516
996335517
996335518
996335519
996335520
996335521
996335522
996335523
996335524
996335525
996335526
996335527
996335528
996335529
996335530
996335531
996335532
996335533
996335534
996335535
996335536
996335537
996335538
996335539
996335540
996335541
996335542
996335543
996335544
996335545
996335546
996335547
996335548
996335549
996335550
996335551
996335552
996335553
996335554
996335555
996335556
996335557
996335558
996335559
996335560
996335561
996335562
996335563
996335564
996335565
996335566
996335567
996335568
996335569
996335570
996335571
996335572
996335573
996335574
996335575
996335576
996335577
996335578
996335579
996335580
996335581
996335582
996335583
996335584
996335585
996335586
996335587
996335588
996335589
996335590
996335591
996335592
996335593
996335594
996335595
996335596
996335597
996335598
996335599
996335600
996335601
996335602
996335603
996335604
996335605
996335606
996335607
996335608
996335609
996335610
996335611
996335612
996335613
996335614
996335615
996335616
996335617
996335618
996335619
996335620
996335621
996335622
996335623
996335624
996335625
996335626
996335627
996335628
996335629
996335630
996335631
996335632
996335633
996335634
996335635
996335636
996335637
996335638
996335639
996335640
996335641
996335642
996335643
996335644
996335645
996335646
996335647
996335648
996335649
996335650
996335651
996335652
996335653
996335654
996335655
996335656
996335657
996335658
996335659
996335660
996335661
996335662
996335663
996335664
996335665
996335666
996335667
996335668
996335669
996335670
996335671
996335672
996335673
996335674
996335675
996335676
996335677
996335678
996335679
996335680
996335681
996335682
996335683
996335684
996335685
996335686
996335687
996335688
996335689
996335690
996335691
996335692
996335693
996335694
996335695
996335696
996335697
996335698
996335699
996335700
996335701
996335702
996335703
996335704
996335705
996335706
996335707
996335708
996335709
996335710
996335711
996335712
996335713
996335714
996335715
996335716
996335717
996335718
996335719
996335720
996335721
996335722
996335723
996335724
996335725
996335726
996335727
996335728
996335729
996335730
996335731
996335732
996335733
996335734
996335735
996335736
996335737
996335738
996335739
996335740
996335741
996335742
996335743
996335744
996335745
996335746
996335747
996335748
996335749
996335750
996335751
996335752
996335753
996335754
996335755
996335756
996335757
996335758
996335759
996335760
996335761
996335762
996335763
996335764
996335765
996335766
996335767
996335768
996335769
996335770
996335771
996335772
996335773
996335774
996335775
996335776
996335777
996335778
996335779
996335780
996335781
996335782
996335783
996335784
996335785
996335786
996335787
996335788
996335789
996335790
996335791
996335792
996335793
996335794
996335795
996335796
996335797
996335798
996335799
996335800
996335801
996335802
996335803
996335804
996335805
996335806
996335807
996335808
996335809
996335810
996335811
996335812
996335813
996335814
996335815
996335816
996335817
996335818
996335819
996335820
996335821
996335822
996335823
996335824
996335825
996335826
996335827
996335828
996335829
996335830
996335831
996335832
996335833
996335834
996335835
996335836
996335837
996335838
996335839
996335840
996335841
996335842
996335843
996335844
996335845
996335846
996335847
996335848
996335849
996335850
996335851
996335852
996335853
996335854
996335855
996335856
996335857
996335858
996335859
996335860
996335861
996335862
996335863
996335864
996335865
996335866
996335867
996335868
996335869
996335870
996335871
996335872
996335873
996335874
996335875
996335876
996335877
996335878
996335879
996335880
996335881
996335882
996335883
996335884
996335885
996335886
996335887
996335888
996335889
996335890
996335891
996335892
996335893
996335894
996335895
996335896
996335897
996335898
996335899
996335900
996335901
996335902
996335903
996335904
996335905
996335906
996335907
996335908
996335909
996335910
996335911
996335912
996335913
996335914
996335915
996335916
996335917
996335918
996335919
996335920
996335921
996335922
996335923
996335924
996335925
996335926
996335927
996335928
996335929
996335930
996335931
996335932
996335933
996335934
996335935
996335936
996335937
996335938
996335939
996335940
996335941
996335942
996335943
996335944
996335945
996335946
996335947
996335948
996335949
996335950
996335951
996335952
996335953
996335954
996335955
996335956
996335957
996335958
996335959
996335960
996335961
996335962
996335963
996335964
996335965
996335966
996335967
996335968
996335969
996335970
996335971
996335972
996335973
996335974
996335975
996335976
996335977
996335978
996335979
996335980
996335981
996335982
996335983
996335984
996335985
996335986
996335987
996335988
996335989
996335990
996335991
996335992
996335993
996335994
996335995
996335996
996335997
996335998
996335999
996336000
996336001
996336002
996336003
996336004
996336005
996336006
996336007
996336008
996336009
996336010
996336011
996336012
996336013
996336014
996336015
996336016
996336017
996336018
996336019
996336020
996336021
996336022
996336023
996336024
996336025
996336026
996336027
996336028
996336029
996336030
996336031
996336032
996336033
996336034
996336035
996336036
996336037
996336038
996336039
996336040
996336041
996336042
996336043
996336044
996336045
996336046
996336047
996336048
996336049
996336050
996336051
996336052
996336053
996336054
996336055
996336056
996336057
996336058
996336059
996336060
996336061
996336062
996336063
996336064
996336065
996336066
996336067
996336068
996336069
996336070
996336071
996336072
996336073
996336074
996336075
996336076
996336077
996336078
996336079
996336080
996336081
996336082
996336083
996336084
996336085
996336086
996336087
996336088
996336089
996336090
996336091
996336092
996336093
996336094
996336095
996336096
996336097
996336098
996336099
996336100
996336101
996336102
996336103
996336104
996336105
996336106
996336107
996336108
996336109
996336110
996336111
996336112
996336113
996336114
996336115
996336116
996336117
996336118
996336119
996336120
996336121
996336122
996336123
996336124
996336125
996336126
996336127
996336128
996336129
996336130
996336131
996336132
996336133
996336134
996336135
996336136
996336137
996336138
996336139
996336140
996336141
996336142
996336143
996336144
996336145
996336146
996336147
996336148
996336149
996336150
996336151
996336152
996336153
996336154
996336155
996336156
996336157
996336158
996336159
996336160
996336161
996336162
996336163
996336164
996336165
996336166
996336167
996336168
996336169
996336170
996336171
996336172
996336173
996336174
996336175
996336176
996336177
996336178
996336179
996336180
996336181
996336182
996336183
996336184
996336185
996336186
996336187
996336188
996336189
996336190
996336191
996336192
996336193
996336194
996336195
996336196
996336197
996336198
996336199
996336200
996336201
996336202
996336203
996336204
996336205
996336206
996336207
996336208
996336209
996336210
996336211
996336212
996336213
996336214
996336215
996336216
996336217
996336218
996336219
996336220
996336221
996336222
996336223
996336224
996336225
996336226
996336227
996336228
996336229
996336230
996336231
996336232
996336233
996336234
996336235
996336236
996336237
996336238
996336239
996336240
996336241
996336242
996336243
996336244
996336245
996336246
996336247
996336248
996336249
996336250
996336251
996336252
996336253
996336254
996336255
996336256
996336257
996336258
996336259
996336260
996336261
996336262
996336263
996336264
996336265
996336266
996336267
996336268
996336269
996336270
996336271
996336272
996336273
996336274
996336275
996336276
996336277
996336278
996336279
996336280
996336281
996336282
996336283
996336284
996336285
996336286
996336287
996336288
996336289
996336290
996336291
996336292
996336293
996336294
996336295
996336296
996336297
996336298
996336299
996336300
996336301
996336302
996336303
996336304
996336305
996336306
996336307
996336308
996336309
996336310
996336311
996336312
996336313
996336314
996336315
996336316
996336317
996336318
996336319
996336320
996336321
996336322
996336323
996336324
996336325
996336326
996336327
996336328
996336329
996336330
996336331
996336332
996336333
996336334
996336335
996336336
996336337
996336338
996336339
996336340
996336341
996336342
996336343
996336344
996336345
996336346
996336347
996336348
996336349
996336350
996336351
996336352
996336353
996336354
996336355
996336356
996336357
996336358
996336359
996336360
996336361
996336362
996336363
996336364
996336365
996336366
996336367
996336368
996336369
996336370
996336371
996336372
996336373
996336374
996336375
996336376
996336377
996336378
996336379
996336380
996336381
996336382
996336383
996336384
996336385
996336386
996336387
996336388
996336389
996336390
996336391
996336392
996336393
996336394
996336395
996336396
996336397
996336398
996336399
996336400
996336401
996336402
996336403
996336404
996336405
996336406
996336407
996336408
996336409
996336410
996336411
996336412
996336413
996336414
996336415
996336416
996336417
996336418
996336419
996336420
996336421
996336422
996336423
996336424
996336425
996336426
996336427
996336428
996336429
996336430
996336431
996336432
996336433
996336434
996336435
996336436
996336437
996336438
996336439
996336440
996336441
996336442
996336443
996336444
996336445
996336446
996336447
996336448
996336449
996336450
996336451
996336452
996336453
996336454
996336455
996336456
996336457
996336458
996336459
996336460
996336461
996336462
996336463
996336464
996336465
996336466
996336467
996336468
996336469
996336470
996336471
996336472
996336473
996336474
996336475
996336476
996336477
996336478
996336479
996336480
996336481
996336482
996336483
996336484
996336485
996336486
996336487
996336488
996336489
996336490
996336491
996336492
996336493
996336494
996336495
996336496
996336497
996336498
996336499
996336500
996336501
996336502
996336503
996336504
996336505
996336506
996336507
996336508
996336509
996336510
996336511
996336512
996336513
996336514
996336515
996336516
996336517
996336518
996336519
996336520
996336521
996336522
996336523
996336524
996336525
996336526
996336527
996336528
996336529
996336530
996336531
996336532
996336533
996336534
996336535
996336536
996336537
996336538
996336539
996336540
996336541
996336542
996336543
996336544
996336545
996336546
996336547
996336548
996336549
996336550
996336551
996336552
996336553
996336554
996336555
996336556
996336557
996336558
996336559
996336560
996336561
996336562
996336563
996336564
996336565
996336566
996336567
996336568
996336569
996336570
996336571
996336572
996336573
996336574
996336575
996336576
996336577
996336578
996336579
996336580
996336581
996336582
996336583
996336584
996336585
996336586
996336587
996336588
996336589
996336590
996336591
996336592
996336593
996336594
996336595
996336596
996336597
996336598
996336599
996336600
996336601
996336602
996336603
996336604
996336605
996336606
996336607
996336608
996336609
996336610
996336611
996336612
996336613
996336614
996336615
996336616
996336617
996336618
996336619
996336620
996336621
996336622
996336623
996336624
996336625
996336626
996336627
996336628
996336629
996336630
996336631
996336632
996336633
996336634
996336635
996336636
996336637
996336638
996336639
996336640
996336641
996336642
996336643
996336644
996336645
996336646
996336647
996336648
996336649
996336650
996336651
996336652
996336653
996336654
996336655
996336656
996336657
996336658
996336659
996336660
996336661
996336662
996336663
996336664
996336665
996336666
996336667
996336668
996336669
996336670
996336671
996336672
996336673
996336674
996336675
996336676
996336677
996336678
996336679
996336680
996336681
996336682
996336683
996336684
996336685
996336686
996336687
996336688
996336689
996336690
996336691
996336692
996336693
996336694
996336695
996336696
996336697
996336698
996336699
996336700
996336701
996336702
996336703
996336704
996336705
996336706
996336707
996336708
996336709
996336710
996336711
996336712
996336713
996336714
996336715
996336716
996336717
996336718
996336719
996336720
996336721
996336722
996336723
996336724
996336725
996336726
996336727
996336728
996336729
996336730
996336731
996336732
996336733
996336734
996336735
996336736
996336737
996336738
996336739
996336740
996336741
996336742
996336743
996336744
996336745
996336746
996336747
996336748
996336749
996336750
996336751
996336752
996336753
996336754
996336755
996336756
996336757
996336758
996336759
996336760
996336761
996336762
996336763
996336764
996336765
996336766
996336767
996336768
996336769
996336770
996336771
996336772
996336773
996336774
996336775
996336776
996336777
996336778
996336779
996336780
996336781
996336782
996336783
996336784
996336785
996336786
996336787
996336788
996336789
996336790
996336791
996336792
996336793
996336794
996336795
996336796
996336797
996336798
996336799
996336800
996336801
996336802
996336803
996336804
996336805
996336806
996336807
996336808
996336809
996336810
996336811
996336812
996336813
996336814
996336815
996336816
996336817
996336818
996336819
996336820
996336821
996336822
996336823
996336824
996336825
996336826
996336827
996336828
996336829
996336830
996336831
996336832
996336833
996336834
996336835
996336836
996336837
996336838
996336839
996336840
996336841
996336842
996336843
996336844
996336845
996336846
996336847
996336848
996336849
996336850
996336851
996336852
996336853
996336854
996336855
996336856
996336857
996336858
996336859
996336860
996336861
996336862
996336863
996336864
996336865
996336866
996336867
996336868
996336869
996336870
996336871
996336872
996336873
996336874
996336875
996336876
996336877
996336878
996336879
996336880
996336881
996336882
996336883
996336884
996336885
996336886
996336887
996336888
996336889
996336890
996336891
996336892
996336893
996336894
996336895
996336896
996336897
996336898
996336899
996336900
996336901
996336902
996336903
996336904
996336905
996336906
996336907
996336908
996336909
996336910
996336911
996336912
996336913
996336914
996336915
996336916
996336917
996336918
996336919
996336920
996336921
996336922
996336923
996336924
996336925
996336926
996336927
996336928
996336929
996336930
996336931
996336932
996336933
996336934
996336935
996336936
996336937
996336938
996336939
996336940
996336941
996336942
996336943
996336944
996336945
996336946
996336947
996336948
996336949
996336950
996336951
996336952
996336953
996336954
996336955
996336956
996336957
996336958
996336959
996336960
996336961
996336962
996336963
996336964
996336965
996336966
996336967
996336968
996336969
996336970
996336971
996336972
996336973
996336974
996336975
996336976
996336977
996336978
996336979
996336980
996336981
996336982
996336983
996336984
996336985
996336986
996336987
996336988
996336989
996336990
996336991
996336992
996336993
996336994
996336995
996336996
996336997
996336998
996336999
996337000
996337001
996337002
996337003
996337004
996337005
996337006
996337007
996337008
996337009
996337010
996337011
996337012
996337013
996337014
996337015
996337016
996337017
996337018
996337019
996337020
996337021
996337022
996337023
996337024
996337025
996337026
996337027
996337028
996337029
996337030
996337031
996337032
996337033
996337034
996337035
996337036
996337037
996337038
996337039
996337040
996337041
996337042
996337043
996337044
996337045
996337046
996337047
996337048
996337049
996337050
996337051
996337052
996337053
996337054
996337055
996337056
996337057
996337058
996337059
996337060
996337061
996337062
996337063
996337064
996337065
996337066
996337067
996337068
996337069
996337070
996337071
996337072
996337073
996337074
996337075
996337076
996337077
996337078
996337079
996337080
996337081
996337082
996337083
996337084
996337085
996337086
996337087
996337088
996337089
996337090
996337091
996337092
996337093
996337094
996337095
996337096
996337097
996337098
996337099
996337100
996337101
996337102
996337103
996337104
996337105
996337106
996337107
996337108
996337109
996337110
996337111
996337112
996337113
996337114
996337115
996337116
996337117
996337118
996337119
996337120
996337121
996337122
996337123
996337124
996337125
996337126
996337127
996337128
996337129
996337130
996337131
996337132
996337133
996337134
996337135
996337136
996337137
996337138
996337139
996337140
996337141
996337142
996337143
996337144
996337145
996337146
996337147
996337148
996337149
996337150
996337151
996337152
996337153
996337154
996337155
996337156
996337157
996337158
996337159
996337160
996337161
996337162
996337163
996337164
996337165
996337166
996337167
996337168
996337169
996337170
996337171
996337172
996337173
996337174
996337175
996337176
996337177
996337178
996337179
996337180
996337181
996337182
996337183
996337184
996337185
996337186
996337187
996337188
996337189
996337190
996337191
996337192
996337193
996337194
996337195
996337196
996337197
996337198
996337199
996337200
996337201
996337202
996337203
996337204
996337205
996337206
996337207
996337208
996337209
996337210
996337211
996337212
996337213
996337214
996337215
996337216
996337217
996337218
996337219
996337220
996337221
996337222
996337223
996337224
996337225
996337226
996337227
996337228
996337229
996337230
996337231
996337232
996337233
996337234
996337235
996337236
996337237
996337238
996337239
996337240
996337241
996337242
996337243
996337244
996337245
996337246
996337247
996337248
996337249
996337250
996337251
996337252
996337253
996337254
996337255
996337256
996337257
996337258
996337259
996337260
996337261
996337262
996337263
996337264
996337265
996337266
996337267
996337268
996337269
996337270
996337271
996337272
996337273
996337274
996337275
996337276
996337277
996337278
996337279
996337280
996337281
996337282
996337283
996337284
996337285
996337286
996337287
996337288
996337289
996337290
996337291
996337292
996337293
996337294
996337295
996337296
996337297
996337298
996337299
996337300
996337301
996337302
996337303
996337304
996337305
996337306
996337307
996337308
996337309
996337310
996337311
996337312
996337313
996337314
996337315
996337316
996337317
996337318
996337319
996337320
996337321
996337322
996337323
996337324
996337325
996337326
996337327
996337328
996337329
996337330
996337331
996337332
996337333
996337334
996337335
996337336
996337337
996337338
996337339
996337340
996337341
996337342
996337343
996337344
996337345
996337346
996337347
996337348
996337349
996337350
996337351
996337352
996337353
996337354
996337355
996337356
996337357
996337358
996337359
996337360
996337361
996337362
996337363
996337364
996337365
996337366
996337367
996337368
996337369
996337370
996337371
996337372
996337373
996337374
996337375
996337376
996337377
996337378
996337379
996337380
996337381
996337382
996337383
996337384
996337385
996337386
996337387
996337388
996337389
996337390
996337391
996337392
996337393
996337394
996337395
996337396
996337397
996337398
996337399
996337400
996337401
996337402
996337403
996337404
996337405
996337406
996337407
996337408
996337409
996337410
996337411
996337412
996337413
996337414
996337415
996337416
996337417
996337418
996337419
996337420
996337421
996337422
996337423
996337424
996337425
996337426
996337427
996337428
996337429
996337430
996337431
996337432
996337433
996337434
996337435
996337436
996337437
996337438
996337439
996337440
996337441
996337442
996337443
996337444
996337445
996337446
996337447
996337448
996337449
996337450
996337451
996337452
996337453
996337454
996337455
996337456
996337457
996337458
996337459
996337460
996337461
996337462
996337463
996337464
996337465
996337466
996337467
996337468
996337469
996337470
996337471
996337472
996337473
996337474
996337475
996337476
996337477
996337478
996337479
996337480
996337481
996337482
996337483
996337484
996337485
996337486
996337487
996337488
996337489
996337490
996337491
996337492
996337493
996337494
996337495
996337496
996337497
996337498
996337499
996337500
996337501
996337502
996337503
996337504
996337505
996337506
996337507
996337508
996337509
996337510
996337511
996337512
996337513
996337514
996337515
996337516
996337517
996337518
996337519
996337520
996337521
996337522
996337523
996337524
996337525
996337526
996337527
996337528
996337529
996337530
996337531
996337532
996337533
996337534
996337535
996337536
996337537
996337538
996337539
996337540
996337541
996337542
996337543
996337544
996337545
996337546
996337547
996337548
996337549
996337550
996337551
996337552
996337553
996337554
996337555
996337556
996337557
996337558
996337559
996337560
996337561
996337562
996337563
996337564
996337565
996337566
996337567
996337568
996337569
996337570
996337571
996337572
996337573
996337574
996337575
996337576
996337577
996337578
996337579
996337580
996337581
996337582
996337583
996337584
996337585
996337586
996337587
996337588
996337589
996337590
996337591
996337592
996337593
996337594
996337595
996337596
996337597
996337598
996337599
996337600
996337601
996337602
996337603
996337604
996337605
996337606
996337607
996337608
996337609
996337610
996337611
996337612
996337613
996337614
996337615
996337616
996337617
996337618
996337619
996337620
996337621
996337622
996337623
996337624
996337625
996337626
996337627
996337628
996337629
996337630
996337631
996337632
996337633
996337634
996337635
996337636
996337637
996337638
996337639
996337640
996337641
996337642
996337643
996337644
996337645
996337646
996337647
996337648
996337649
996337650
996337651
996337652
996337653
996337654
996337655
996337656
996337657
996337658
996337659
996337660
996337661
996337662
996337663
996337664
996337665
996337666
996337667
996337668
996337669
996337670
996337671
996337672
996337673
996337674
996337675
996337676
996337677
996337678
996337679
996337680
996337681
996337682
996337683
996337684
996337685
996337686
996337687
996337688
996337689
996337690
996337691
996337692
996337693
996337694
996337695
996337696
996337697
996337698
996337699
996337700
996337701
996337702
996337703
996337704
996337705
996337706
996337707
996337708
996337709
996337710
996337711
996337712
996337713
996337714
996337715
996337716
996337717
996337718
996337719
996337720
996337721
996337722
996337723
996337724
996337725
996337726
996337727
996337728
996337729
996337730
996337731
996337732
996337733
996337734
996337735
996337736
996337737
996337738
996337739
996337740
996337741
996337742
996337743
996337744
996337745
996337746
996337747
996337748
996337749
996337750
996337751
996337752
996337753
996337754
996337755
996337756
996337757
996337758
996337759
996337760
996337761
996337762
996337763
996337764
996337765
996337766
996337767
996337768
996337769
996337770
996337771
996337772
996337773
996337774
996337775
996337776
996337777
996337778
996337779
996337780
996337781
996337782
996337783
996337784
996337785
996337786
996337787
996337788
996337789
996337790
996337791
996337792
996337793
996337794
996337795
996337796
996337797
996337798
996337799
996337800
996337801
996337802
996337803
996337804
996337805
996337806
996337807
996337808
996337809
996337810
996337811
996337812
996337813
996337814
996337815
996337816
996337817
996337818
996337819
996337820
996337821
996337822
996337823
996337824
996337825
996337826
996337827
996337828
996337829
996337830
996337831
996337832
996337833
996337834
996337835
996337836
996337837
996337838
996337839
996337840
996337841
996337842
996337843
996337844
996337845
996337846
996337847
996337848
996337849
996337850
996337851
996337852
996337853
996337854
996337855
996337856
996337857
996337858
996337859
996337860
996337861
996337862
996337863
996337864
996337865
996337866
996337867
996337868
996337869
996337870
996337871
996337872
996337873
996337874
996337875
996337876
996337877
996337878
996337879
996337880
996337881
996337882
996337883
996337884
996337885
996337886
996337887
996337888
996337889
996337890
996337891
996337892
996337893
996337894
996337895
996337896
996337897
996337898
996337899
996337900
996337901
996337902
996337903
996337904
996337905
996337906
996337907
996337908
996337909
996337910
996337911
996337912
996337913
996337914
996337915
996337916
996337917
996337918
996337919
996337920
996337921
996337922
996337923
996337924
996337925
996337926
996337927
996337928
996337929
996337930
996337931
996337932
996337933
996337934
996337935
996337936
996337937
996337938
996337939
996337940
996337941
996337942
996337943
996337944
996337945
996337946
996337947
996337948
996337949
996337950
996337951
996337952
996337953
996337954
996337955
996337956
996337957
996337958
996337959
996337960
996337961
996337962
996337963
996337964
996337965
996337966
996337967
996337968
996337969
996337970
996337971
996337972
996337973
996337974
996337975
996337976
996337977
996337978
996337979
996337980
996337981
996337982
996337983
996337984
996337985
996337986
996337987
996337988
996337989
996337990
996337991
996337992
996337993
996337994
996337995
996337996
996337997
996337998
996337999
996338000
996338001
996338002
996338003
996338004
996338005
996338006
996338007
996338008
996338009
996338010
996338011
996338012
996338013
996338014
996338015
996338016
996338017
996338018
996338019
996338020
996338021
996338022
996338023
996338024
996338025
996338026
996338027
996338028
996338029
996338030
996338031
996338032
996338033
996338034
996338035
996338036
996338037
996338038
996338039
996338040
996338041
996338042
996338043
996338044
996338045
996338046
996338047
996338048
996338049
996338050
996338051
996338052
996338053
996338054
996338055
996338056
996338057
996338058
996338059
996338060
996338061
996338062
996338063
996338064
996338065
996338066
996338067
996338068
996338069
996338070
996338071
996338072
996338073
996338074
996338075
996338076
996338077
996338078
996338079
996338080
996338081
996338082
996338083
996338084
996338085
996338086
996338087
996338088
996338089
996338090
996338091
996338092
996338093
996338094
996338095
996338096
996338097
996338098
996338099
996338100
996338101
996338102
996338103
996338104
996338105
996338106
996338107
996338108
996338109
996338110
996338111
996338112
996338113
996338114
996338115
996338116
996338117
996338118
996338119
996338120
996338121
996338122
996338123
996338124
996338125
996338126
996338127
996338128
996338129
996338130
996338131
996338132
996338133
996338134
996338135
996338136
996338137
996338138
996338139
996338140
996338141
996338142
996338143
996338144
996338145
996338146
996338147
996338148
996338149
996338150
996338151
996338152
996338153
996338154
996338155
996338156
996338157
996338158
996338159
996338160
996338161
996338162
996338163
996338164
996338165
996338166
996338167
996338168
996338169
996338170
996338171
996338172
996338173
996338174
996338175
996338176
996338177
996338178
996338179
996338180
996338181
996338182
996338183
996338184
996338185
996338186
996338187
996338188
996338189
996338190
996338191
996338192
996338193
996338194
996338195
996338196
996338197
996338198
996338199
996338200
996338201
996338202
996338203
996338204
996338205
996338206
996338207
996338208
996338209
996338210
996338211
996338212
996338213
996338214
996338215
996338216
996338217
996338218
996338219
996338220
996338221
996338222
996338223
996338224
996338225
996338226
996338227
996338228
996338229
996338230
996338231
996338232
996338233
996338234
996338235
996338236
996338237
996338238
996338239
996338240
996338241
996338242
996338243
996338244
996338245
996338246
996338247
996338248
996338249
996338250
996338251
996338252
996338253
996338254
996338255
996338256
996338257
996338258
996338259
996338260
996338261
996338262
996338263
996338264
996338265
996338266
996338267
996338268
996338269
996338270
996338271
996338272
996338273
996338274
996338275
996338276
996338277
996338278
996338279
996338280
996338281
996338282
996338283
996338284
996338285
996338286
996338287
996338288
996338289
996338290
996338291
996338292
996338293
996338294
996338295
996338296
996338297
996338298
996338299
996338300
996338301
996338302
996338303
996338304
996338305
996338306
996338307
996338308
996338309
996338310
996338311
996338312
996338313
996338314
996338315
996338316
996338317
996338318
996338319
996338320
996338321
996338322
996338323
996338324
996338325
996338326
996338327
996338328
996338329
996338330
996338331
996338332
996338333
996338334
996338335
996338336
996338337
996338338
996338339
996338340
996338341
996338342
996338343
996338344
996338345
996338346
996338347
996338348
996338349
996338350
996338351
996338352
996338353
996338354
996338355
996338356
996338357
996338358
996338359
996338360
996338361
996338362
996338363
996338364
996338365
996338366
996338367
996338368
996338369
996338370
996338371
996338372
996338373
996338374
996338375
996338376
996338377
996338378
996338379
996338380
996338381
996338382
996338383
996338384
996338385
996338386
996338387
996338388
996338389
996338390
996338391
996338392
996338393
996338394
996338395
996338396
996338397
996338398
996338399
996338400
996338401
996338402
996338403
996338404
996338405
996338406
996338407
996338408
996338409
996338410
996338411
996338412
996338413
996338414
996338415
996338416
996338417
996338418
996338419
996338420
996338421
996338422
996338423
996338424
996338425
996338426
996338427
996338428
996338429
996338430
996338431
996338432
996338433
996338434
996338435
996338436
996338437
996338438
996338439
996338440
996338441
996338442
996338443
996338444
996338445
996338446
996338447
996338448
996338449
996338450
996338451
996338452
996338453
996338454
996338455
996338456
996338457
996338458
996338459
996338460
996338461
996338462
996338463
996338464
996338465
996338466
996338467
996338468
996338469
996338470
996338471
996338472
996338473
996338474
996338475
996338476
996338477
996338478
996338479
996338480
996338481
996338482
996338483
996338484
996338485
996338486
996338487
996338488
996338489
996338490
996338491
996338492
996338493
996338494
996338495
996338496
996338497
996338498
996338499
996338500
996338501
996338502
996338503
996338504
996338505
996338506
996338507
996338508
996338509
996338510
996338511
996338512
996338513
996338514
996338515
996338516
996338517
996338518
996338519
996338520
996338521
996338522
996338523
996338524
996338525
996338526
996338527
996338528
996338529
996338530
996338531
996338532
996338533
996338534
996338535
996338536
996338537
996338538
996338539
996338540
996338541
996338542
996338543
996338544
996338545
996338546
996338547
996338548
996338549
996338550
996338551
996338552
996338553
996338554
996338555
996338556
996338557
996338558
996338559
996338560
996338561
996338562
996338563
996338564
996338565
996338566
996338567
996338568
996338569
996338570
996338571
996338572
996338573
996338574
996338575
996338576
996338577
996338578
996338579
996338580
996338581
996338582
996338583
996338584
996338585
996338586
996338587
996338588
996338589
996338590
996338591
996338592
996338593
996338594
996338595
996338596
996338597
996338598
996338599
996338600
996338601
996338602
996338603
996338604
996338605
996338606
996338607
996338608
996338609
996338610
996338611
996338612
996338613
996338614
996338615
996338616
996338617
996338618
996338619
996338620
996338621
996338622
996338623
996338624
996338625
996338626
996338627
996338628
996338629
996338630
996338631
996338632
996338633
996338634
996338635
996338636
996338637
996338638
996338639
996338640
996338641
996338642
996338643
996338644
996338645
996338646
996338647
996338648
996338649
996338650
996338651
996338652
996338653
996338654
996338655
996338656
996338657
996338658
996338659
996338660
996338661
996338662
996338663
996338664
996338665
996338666
996338667
996338668
996338669
996338670
996338671
996338672
996338673
996338674
996338675
996338676
996338677
996338678
996338679
996338680
996338681
996338682
996338683
996338684
996338685
996338686
996338687
996338688
996338689
996338690
996338691
996338692
996338693
996338694
996338695
996338696
996338697
996338698
996338699
996338700
996338701
996338702
996338703
996338704
996338705
996338706
996338707
996338708
996338709
996338710
996338711
996338712
996338713
996338714
996338715
996338716
996338717
996338718
996338719
996338720
996338721
996338722
996338723
996338724
996338725
996338726
996338727
996338728
996338729
996338730
996338731
996338732
996338733
996338734
996338735
996338736
996338737
996338738
996338739
996338740
996338741
996338742
996338743
996338744
996338745
996338746
996338747
996338748
996338749
996338750
996338751
996338752
996338753
996338754
996338755
996338756
996338757
996338758
996338759
996338760
996338761
996338762
996338763
996338764
996338765
996338766
996338767
996338768
996338769
996338770
996338771
996338772
996338773
996338774
996338775
996338776
996338777
996338778
996338779
996338780
996338781
996338782
996338783
996338784
996338785
996338786
996338787
996338788
996338789
996338790
996338791
996338792
996338793
996338794
996338795
996338796
996338797
996338798
996338799
996338800
996338801
996338802
996338803
996338804
996338805
996338806
996338807
996338808
996338809
996338810
996338811
996338812
996338813
996338814
996338815
996338816
996338817
996338818
996338819
996338820
996338821
996338822
996338823
996338824
996338825
996338826
996338827
996338828
996338829
996338830
996338831
996338832
996338833
996338834
996338835
996338836
996338837
996338838
996338839
996338840
996338841
996338842
996338843
996338844
996338845
996338846
996338847
996338848
996338849
996338850
996338851
996338852
996338853
996338854
996338855
996338856
996338857
996338858
996338859
996338860
996338861
996338862
996338863
996338864
996338865
996338866
996338867
996338868
996338869
996338870
996338871
996338872
996338873
996338874
996338875
996338876
996338877
996338878
996338879
996338880
996338881
996338882
996338883
996338884
996338885
996338886
996338887
996338888
996338889
996338890
996338891
996338892
996338893
996338894
996338895
996338896
996338897
996338898
996338899
996338900
996338901
996338902
996338903
996338904
996338905
996338906
996338907
996338908
996338909
996338910
996338911
996338912
996338913
996338914
996338915
996338916
996338917
996338918
996338919
996338920
996338921
996338922
996338923
996338924
996338925
996338926
996338927
996338928
996338929
996338930
996338931
996338932
996338933
996338934
996338935
996338936
996338937
996338938
996338939
996338940
996338941
996338942
996338943
996338944
996338945
996338946
996338947
996338948
996338949
996338950
996338951
996338952
996338953
996338954
996338955
996338956
996338957
996338958
996338959
996338960
996338961
996338962
996338963
996338964
996338965
996338966
996338967
996338968
996338969
996338970
996338971
996338972
996338973
996338974
996338975
996338976
996338977
996338978
996338979
996338980
996338981
996338982
996338983
996338984
996338985
996338986
996338987
996338988
996338989
996338990
996338991
996338992
996338993
996338994
996338995
996338996
996338997
996338998
996338999
996339000
996339001
996339002
996339003
996339004
996339005
996339006
996339007
996339008
996339009
996339010
996339011
996339012
996339013
996339014
996339015
996339016
996339017
996339018
996339019
996339020
996339021
996339022
996339023
996339024
996339025
996339026
996339027
996339028
996339029
996339030
996339031
996339032
996339033
996339034
996339035
996339036
996339037
996339038
996339039
996339040
996339041
996339042
996339043
996339044
996339045
996339046
996339047
996339048
996339049
996339050
996339051
996339052
996339053
996339054
996339055
996339056
996339057
996339058
996339059
996339060
996339061
996339062
996339063
996339064
996339065
996339066
996339067
996339068
996339069
996339070
996339071
996339072
996339073
996339074
996339075
996339076
996339077
996339078
996339079
996339080
996339081
996339082
996339083
996339084
996339085
996339086
996339087
996339088
996339089
996339090
996339091
996339092
996339093
996339094
996339095
996339096
996339097
996339098
996339099
996339100
996339101
996339102
996339103
996339104
996339105
996339106
996339107
996339108
996339109
996339110
996339111
996339112
996339113
996339114
996339115
996339116
996339117
996339118
996339119
996339120
996339121
996339122
996339123
996339124
996339125
996339126
996339127
996339128
996339129
996339130
996339131
996339132
996339133
996339134
996339135
996339136
996339137
996339138
996339139
996339140
996339141
996339142
996339143
996339144
996339145
996339146
996339147
996339148
996339149
996339150
996339151
996339152
996339153
996339154
996339155
996339156
996339157
996339158
996339159
996339160
996339161
996339162
996339163
996339164
996339165
996339166
996339167
996339168
996339169
996339170
996339171
996339172
996339173
996339174
996339175
996339176
996339177
996339178
996339179
996339180
996339181
996339182
996339183
996339184
996339185
996339186
996339187
996339188
996339189
996339190
996339191
996339192
996339193
996339194
996339195
996339196
996339197
996339198
996339199
996339200
996339201
996339202
996339203
996339204
996339205
996339206
996339207
996339208
996339209
996339210
996339211
996339212
996339213
996339214
996339215
996339216
996339217
996339218
996339219
996339220
996339221
996339222
996339223
996339224
996339225
996339226
996339227
996339228
996339229
996339230
996339231
996339232
996339233
996339234
996339235
996339236
996339237
996339238
996339239
996339240
996339241
996339242
996339243
996339244
996339245
996339246
996339247
996339248
996339249
996339250
996339251
996339252
996339253
996339254
996339255
996339256
996339257
996339258
996339259
996339260
996339261
996339262
996339263
996339264
996339265
996339266
996339267
996339268
996339269
996339270
996339271
996339272
996339273
996339274
996339275
996339276
996339277
996339278
996339279
996339280
996339281
996339282
996339283
996339284
996339285
996339286
996339287
996339288
996339289
996339290
996339291
996339292
996339293
996339294
996339295
996339296
996339297
996339298
996339299
996339300
996339301
996339302
996339303
996339304
996339305
996339306
996339307
996339308
996339309
996339310
996339311
996339312
996339313
996339314
996339315
996339316
996339317
996339318
996339319
996339320
996339321
996339322
996339323
996339324
996339325
996339326
996339327
996339328
996339329
996339330
996339331
996339332
996339333
996339334
996339335
996339336
996339337
996339338
996339339
996339340
996339341
996339342
996339343
996339344
996339345
996339346
996339347
996339348
996339349
996339350
996339351
996339352
996339353
996339354
996339355
996339356
996339357
996339358
996339359
996339360
996339361
996339362
996339363
996339364
996339365
996339366
996339367
996339368
996339369
996339370
996339371
996339372
996339373
996339374
996339375
996339376
996339377
996339378
996339379
996339380
996339381
996339382
996339383
996339384
996339385
996339386
996339387
996339388
996339389
996339390
996339391
996339392
996339393
996339394
996339395
996339396
996339397
996339398
996339399
996339400
996339401
996339402
996339403
996339404
996339405
996339406
996339407
996339408
996339409
996339410
996339411
996339412
996339413
996339414
996339415
996339416
996339417
996339418
996339419
996339420
996339421
996339422
996339423
996339424
996339425
996339426
996339427
996339428
996339429
996339430
996339431
996339432
996339433
996339434
996339435
996339436
996339437
996339438
996339439
996339440
996339441
996339442
996339443
996339444
996339445
996339446
996339447
996339448
996339449
996339450
996339451
996339452
996339453
996339454
996339455
996339456
996339457
996339458
996339459
996339460
996339461
996339462
996339463
996339464
996339465
996339466
996339467
996339468
996339469
996339470
996339471
996339472
996339473
996339474
996339475
996339476
996339477
996339478
996339479
996339480
996339481
996339482
996339483
996339484
996339485
996339486
996339487
996339488
996339489
996339490
996339491
996339492
996339493
996339494
996339495
996339496
996339497
996339498
996339499
996339500
996339501
996339502
996339503
996339504
996339505
996339506
996339507
996339508
996339509
996339510
996339511
996339512
996339513
996339514
996339515
996339516
996339517
996339518
996339519
996339520
996339521
996339522
996339523
996339524
996339525
996339526
996339527
996339528
996339529
996339530
996339531
996339532
996339533
996339534
996339535
996339536
996339537
996339538
996339539
996339540
996339541
996339542
996339543
996339544
996339545
996339546
996339547
996339548
996339549
996339550
996339551
996339552
996339553
996339554
996339555
996339556
996339557
996339558
996339559
996339560
996339561
996339562
996339563
996339564
996339565
996339566
996339567
996339568
996339569
996339570
996339571
996339572
996339573
996339574
996339575
996339576
996339577
996339578
996339579
996339580
996339581
996339582
996339583
996339584
996339585
996339586
996339587
996339588
996339589
996339590
996339591
996339592
996339593
996339594
996339595
996339596
996339597
996339598
996339599
996339600
996339601
996339602
996339603
996339604
996339605
996339606
996339607
996339608
996339609
996339610
996339611
996339612
996339613
996339614
996339615
996339616
996339617
996339618
996339619
996339620
996339621
996339622
996339623
996339624
996339625
996339626
996339627
996339628
996339629
996339630
996339631
996339632
996339633
996339634
996339635
996339636
996339637
996339638
996339639
996339640
996339641
996339642
996339643
996339644
996339645
996339646
996339647
996339648
996339649
996339650
996339651
996339652
996339653
996339654
996339655
996339656
996339657
996339658
996339659
996339660
996339661
996339662
996339663
996339664
996339665
996339666
996339667
996339668
996339669
996339670
996339671
996339672
996339673
996339674
996339675
996339676
996339677
996339678
996339679
996339680
996339681
996339682
996339683
996339684
996339685
996339686
996339687
996339688
996339689
996339690
996339691
996339692
996339693
996339694
996339695
996339696
996339697
996339698
996339699
996339700
996339701
996339702
996339703
996339704
996339705
996339706
996339707
996339708
996339709
996339710
996339711
996339712
996339713
996339714
996339715
996339716
996339717
996339718
996339719
996339720
996339721
996339722
996339723
996339724
996339725
996339726
996339727
996339728
996339729
996339730
996339731
996339732
996339733
996339734
996339735
996339736
996339737
996339738
996339739
996339740
996339741
996339742
996339743
996339744
996339745
996339746
996339747
996339748
996339749
996339750
996339751
996339752
996339753
996339754
996339755
996339756
996339757
996339758
996339759
996339760
996339761
996339762
996339763
996339764
996339765
996339766
996339767
996339768
996339769
996339770
996339771
996339772
996339773
996339774
996339775
996339776
996339777
996339778
996339779
996339780
996339781
996339782
996339783
996339784
996339785
996339786
996339787
996339788
996339789
996339790
996339791
996339792
996339793
996339794
996339795
996339796
996339797
996339798
996339799
996339800
996339801
996339802
996339803
996339804
996339805
996339806
996339807
996339808
996339809
996339810
996339811
996339812
996339813
996339814
996339815
996339816
996339817
996339818
996339819
996339820
996339821
996339822
996339823
996339824
996339825
996339826
996339827
996339828
996339829
996339830
996339831
996339832
996339833
996339834
996339835
996339836
996339837
996339838
996339839
996339840
996339841
996339842
996339843
996339844
996339845
996339846
996339847
996339848
996339849
996339850
996339851
996339852
996339853
996339854
996339855
996339856
996339857
996339858
996339859
996339860
996339861
996339862
996339863
996339864
996339865
996339866
996339867
996339868
996339869
996339870
996339871
996339872
996339873
996339874
996339875
996339876
996339877
996339878
996339879
996339880
996339881
996339882
996339883
996339884
996339885
996339886
996339887
996339888
996339889
996339890
996339891
996339892
996339893
996339894
996339895
996339896
996339897
996339898
996339899
996339900
996339901
996339902
996339903
996339904
996339905
996339906
996339907
996339908
996339909
996339910
996339911
996339912
996339913
996339914
996339915
996339916
996339917
996339918
996339919
996339920
996339921
996339922
996339923
996339924
996339925
996339926
996339927
996339928
996339929
996339930
996339931
996339932
996339933
996339934
996339935
996339936
996339937
996339938
996339939
996339940
996339941
996339942
996339943
996339944
996339945
996339946
996339947
996339948
996339949
996339950
996339951
996339952
996339953
996339954
996339955
996339956
996339957
996339958
996339959
996339960
996339961
996339962
996339963
996339964
996339965
996339966
996339967
996339968
996339969
996339970
996339971
996339972
996339973
996339974
996339975
996339976
996339977
996339978
996339979
996339980
996339981
996339982
996339983
996339984
996339985
996339986
996339987
996339988
996339989
996339990
996339991
996339992
996339993
996339994
996339995
996339996
996339997
996339998
